DEMANDS 45
label src dest bw
demand_0 0 1 722
demand_1 0 2 1002
demand_2 0 3 1013
demand_3 0 4 1579
demand_4 0 5 713
demand_5 0 6 586
demand_6 0 7 823
demand_7 0 8 748
demand_8 0 9 761
demand_9 1 0 722
demand_10 1 2 520
demand_11 1 3 577
demand_12 1 4 813
demand_13 1 5 397
demand_14 1 6 292
demand_15 1 7 429
demand_16 1 8 401
demand_17 1 9 422
demand_18 2 0 1002
demand_19 2 1 520
demand_20 2 3 859
demand_21 2 4 1215
demand_22 2 5 569
demand_23 2 6 519
demand_24 2 7 591
demand_25 2 8 487
demand_26 2 9 631
demand_27 3 0 1013
demand_28 3 1 577
demand_29 3 2 859
demand_30 3 4 1134
demand_31 3 5 580
demand_32 3 6 379
demand_33 3 7 690
demand_34 3 8 506
demand_35 3 9 678
demand_36 4 0 1579
demand_37 4 1 813
demand_38 4 2 1215
demand_39 4 3 1134
demand_40 4 5 1008
demand_41 4 6 499
demand_42 4 7 851
demand_43 4 8 848
demand_44 4 9 616
demand_45 5 0 713
demand_46 5 1 397
demand_47 5 2 569
demand_48 5 3 580
demand_49 5 4 1008
demand_50 5 6 309
demand_51 5 7 448
demand_52 5 8 475
demand_53 5 9 374
demand_54 6 0 586
demand_55 6 1 292
demand_56 6 2 519
demand_57 6 3 379
demand_58 6 4 499
demand_59 6 5 309
demand_60 6 7 343
demand_61 6 8 263
demand_62 6 9 275
demand_63 7 0 823
demand_64 7 1 429
demand_65 7 2 591
demand_66 7 3 690
demand_67 7 4 851
demand_68 7 5 448
demand_69 7 6 343
demand_70 7 8 457
demand_71 7 9 349
demand_72 8 0 748
demand_73 8 1 401
demand_74 8 2 487
demand_75 8 3 506
demand_76 8 4 848
demand_77 8 5 475
demand_78 8 6 263
demand_79 8 7 457
demand_80 8 9 421
demand_81 9 0 761
demand_82 9 1 422
demand_83 9 2 631
demand_84 9 3 678
demand_85 9 4 616
demand_86 9 5 374
demand_87 9 6 275
demand_88 9 7 349
demand_89 9 8 421
