DEMANDS 45
label src dest bw
demand_0 0 1 2138414
demand_1 0 2 2556378
demand_2 0 3 3097212
demand_3 0 4 3963519
demand_4 0 5 1935410
demand_5 0 6 1160226
demand_6 0 7 1784115
demand_7 0 8 1587861
demand_8 0 9 1688193
demand_9 1 0 2138414
demand_10 1 2 1496283
demand_11 1 3 1511442
demand_12 1 4 2260111
demand_13 1 5 902619
demand_14 1 6 831018
demand_15 1 7 1049416
demand_16 1 8 1108559
demand_17 1 9 1034108
demand_18 2 0 2556378
demand_19 2 1 1496283
demand_20 2 3 1641629
demand_21 2 4 2020617
demand_22 2 5 1620127
demand_23 2 6 987247
demand_24 2 7 1703878
demand_25 2 8 1294392
demand_26 2 9 1456328
demand_27 3 0 3097212
demand_28 3 1 1511442
demand_29 3 2 1641629
demand_30 3 4 2405719
demand_31 3 5 1739993
demand_32 3 6 876563
demand_33 3 7 1510227
demand_34 3 8 1359620
demand_35 3 9 1556830
demand_36 4 0 3963519
demand_37 4 1 2260111
demand_38 4 2 2020617
demand_39 4 3 2405719
demand_40 4 5 2061184
demand_41 4 6 1813222
demand_42 4 7 2617990
demand_43 4 8 1415489
demand_44 4 9 2121055
demand_45 5 0 1935410
demand_46 5 1 902619
demand_47 5 2 1620127
demand_48 5 3 1739993
demand_49 5 4 2061184
demand_50 5 6 596663
demand_51 5 7 1212701
demand_52 5 8 919607
demand_53 5 9 1529270
demand_54 6 0 1160226
demand_55 6 1 831018
demand_56 6 2 987247
demand_57 6 3 876563
demand_58 6 4 1813222
demand_59 6 5 596663
demand_60 6 7 697647
demand_61 6 8 543875
demand_62 6 9 728044
demand_63 7 0 1784115
demand_64 7 1 1049416
demand_65 7 2 1703878
demand_66 7 3 1510227
demand_67 7 4 2617990
demand_68 7 5 1212701
demand_69 7 6 697647
demand_70 7 8 929968
demand_71 7 9 1314124
demand_72 8 0 1587861
demand_73 8 1 1108559
demand_74 8 2 1294392
demand_75 8 3 1359620
demand_76 8 4 1415489
demand_77 8 5 919607
demand_78 8 6 543875
demand_79 8 7 929968
demand_80 8 9 888555
demand_81 9 0 1688193
demand_82 9 1 1034108
demand_83 9 2 1456328
demand_84 9 3 1556830
demand_85 9 4 2121055
demand_86 9 5 1529270
demand_87 9 6 728044
demand_88 9 7 1314124
demand_89 9 8 888555
