DEMANDS 45
label src dest bw
demand_0 0 1 4218745
demand_1 0 2 5360412
demand_2 0 3 5655908
demand_3 0 4 8771773
demand_4 0 5 3456386
demand_5 0 6 2508829
demand_6 0 7 3791172
demand_7 0 8 3574206
demand_8 0 9 2920642
demand_9 1 0 4218745
demand_10 1 2 2544087
demand_11 1 3 3000982
demand_12 1 4 3230178
demand_13 1 5 1929135
demand_14 1 6 1982558
demand_15 1 7 2084716
demand_16 1 8 1404587
demand_17 1 9 2846627
demand_18 2 0 5360412
demand_19 2 1 2544087
demand_20 2 3 2928713
demand_21 2 4 4279173
demand_22 2 5 3215327
demand_23 2 6 2111865
demand_24 2 7 3659894
demand_25 2 8 2264835
demand_26 2 9 3507719
demand_27 3 0 5655908
demand_28 3 1 3000982
demand_29 3 2 2928713
demand_30 3 4 5815975
demand_31 3 5 3206029
demand_32 3 6 2131911
demand_33 3 7 3108532
demand_34 3 8 2186746
demand_35 3 9 2292727
demand_36 4 0 8771773
demand_37 4 1 3230178
demand_38 4 2 4279173
demand_39 4 3 5815975
demand_40 4 5 4543511
demand_41 4 6 2359166
demand_42 4 7 5135246
demand_43 4 8 3742344
demand_44 4 9 3815179
demand_45 5 0 3456386
demand_46 5 1 1929135
demand_47 5 2 3215327
demand_48 5 3 3206029
demand_49 5 4 4543511
demand_50 5 6 1755661
demand_51 5 7 2463095
demand_52 5 8 1812122
demand_53 5 9 2776184
demand_54 6 0 2508829
demand_55 6 1 1982558
demand_56 6 2 2111865
demand_57 6 3 2131911
demand_58 6 4 2359166
demand_59 6 5 1755661
demand_60 6 7 1731858
demand_61 6 8 1028817
demand_62 6 9 1618836
demand_63 7 0 3791172
demand_64 7 1 2084716
demand_65 7 2 3659894
demand_66 7 3 3108532
demand_67 7 4 5135246
demand_68 7 5 2463095
demand_69 7 6 1731858
demand_70 7 8 2628741
demand_71 7 9 1868521
demand_72 8 0 3574206
demand_73 8 1 1404587
demand_74 8 2 2264835
demand_75 8 3 2186746
demand_76 8 4 3742344
demand_77 8 5 1812122
demand_78 8 6 1028817
demand_79 8 7 2628741
demand_80 8 9 2002596
demand_81 9 0 2920642
demand_82 9 1 2846627
demand_83 9 2 3507719
demand_84 9 3 2292727
demand_85 9 4 3815179
demand_86 9 5 2776184
demand_87 9 6 1618836
demand_88 9 7 1868521
demand_89 9 8 2002596
