DEMANDS 45
label src dest bw
demand_0 0 1 5319667
demand_1 0 2 7424777
demand_2 0 3 9234402
demand_3 0 4 7956064
demand_4 0 5 6785559
demand_5 0 6 4750904
demand_6 0 7 5655595
demand_7 0 8 4948871
demand_8 0 9 7430787
demand_9 1 0 5319667
demand_10 1 2 4107632
demand_11 1 3 4211851
demand_12 1 4 5805585
demand_13 1 5 3304226
demand_14 1 6 2250763
demand_15 1 7 2827647
demand_16 1 8 2511488
demand_17 1 9 2900552
demand_18 2 0 7424777
demand_19 2 1 4107632
demand_20 2 3 6969564
demand_21 2 4 7925531
demand_22 2 5 4297449
demand_23 2 6 3440201
demand_24 2 7 4764294
demand_25 2 8 3530895
demand_26 2 9 5509667
demand_27 3 0 9234402
demand_28 3 1 4211851
demand_29 3 2 6969564
demand_30 3 4 8887723
demand_31 3 5 4432820
demand_32 3 6 2265144
demand_33 3 7 5150704
demand_34 3 8 2813005
demand_35 3 9 5068553
demand_36 4 0 7956064
demand_37 4 1 5805585
demand_38 4 2 7925531
demand_39 4 3 8887723
demand_40 4 5 5735087
demand_41 4 6 4293542
demand_42 4 7 6537645
demand_43 4 8 5049392
demand_44 4 9 6817953
demand_45 5 0 6785559
demand_46 5 1 3304226
demand_47 5 2 4297449
demand_48 5 3 4432820
demand_49 5 4 5735087
demand_50 5 6 2238713
demand_51 5 7 3088831
demand_52 5 8 2753778
demand_53 5 9 3084486
demand_54 6 0 4750904
demand_55 6 1 2250763
demand_56 6 2 3440201
demand_57 6 3 2265144
demand_58 6 4 4293542
demand_59 6 5 2238713
demand_60 6 7 2035618
demand_61 6 8 1986572
demand_62 6 9 2837968
demand_63 7 0 5655595
demand_64 7 1 2827647
demand_65 7 2 4764294
demand_66 7 3 5150704
demand_67 7 4 6537645
demand_68 7 5 3088831
demand_69 7 6 2035618
demand_70 7 8 2315798
demand_71 7 9 4218887
demand_72 8 0 4948871
demand_73 8 1 2511488
demand_74 8 2 3530895
demand_75 8 3 2813005
demand_76 8 4 5049392
demand_77 8 5 2753778
demand_78 8 6 1986572
demand_79 8 7 2315798
demand_80 8 9 3400898
demand_81 9 0 7430787
demand_82 9 1 2900552
demand_83 9 2 5509667
demand_84 9 3 5068553
demand_85 9 4 6817953
demand_86 9 5 3084486
demand_87 9 6 2837968
demand_88 9 7 4218887
demand_89 9 8 3400898
