DEMANDS 45
label src dest bw
demand_0 0 1 6204250
demand_1 0 2 11825599
demand_2 0 3 11089159
demand_3 0 4 17665042
demand_4 0 5 7156029
demand_5 0 6 7335007
demand_6 0 7 6271104
demand_7 0 8 7515577
demand_8 0 9 7831166
demand_9 1 0 6204250
demand_10 1 2 5449709
demand_11 1 3 5977434
demand_12 1 4 7095445
demand_13 1 5 4472714
demand_14 1 6 2804461
demand_15 1 7 4355100
demand_16 1 8 2982412
demand_17 1 9 4293641
demand_18 2 0 11825599
demand_19 2 1 5449709
demand_20 2 3 9260857
demand_21 2 4 9784614
demand_22 2 5 6061606
demand_23 2 6 3847749
demand_24 2 7 5650457
demand_25 2 8 5619428
demand_26 2 9 7163973
demand_27 3 0 11089159
demand_28 3 1 5977434
demand_29 3 2 9260857
demand_30 3 4 9589093
demand_31 3 5 5636014
demand_32 3 6 3980809
demand_33 3 7 5708724
demand_34 3 8 5275281
demand_35 3 9 6369057
demand_36 4 0 17665042
demand_37 4 1 7095445
demand_38 4 2 9784614
demand_39 4 3 9589093
demand_40 4 5 6528800
demand_41 4 6 6080470
demand_42 4 7 8762515
demand_43 4 8 6515785
demand_44 4 9 9545875
demand_45 5 0 7156029
demand_46 5 1 4472714
demand_47 5 2 6061606
demand_48 5 3 5636014
demand_49 5 4 6528800
demand_50 5 6 2996139
demand_51 5 7 6385172
demand_52 5 8 3023527
demand_53 5 9 3636382
demand_54 6 0 7335007
demand_55 6 1 2804461
demand_56 6 2 3847749
demand_57 6 3 3980809
demand_58 6 4 6080470
demand_59 6 5 2996139
demand_60 6 7 2637047
demand_61 6 8 2600854
demand_62 6 9 2988493
demand_63 7 0 6271104
demand_64 7 1 4355100
demand_65 7 2 5650457
demand_66 7 3 5708724
demand_67 7 4 8762515
demand_68 7 5 6385172
demand_69 7 6 2637047
demand_70 7 8 3646981
demand_71 7 9 4951751
demand_72 8 0 7515577
demand_73 8 1 2982412
demand_74 8 2 5619428
demand_75 8 3 5275281
demand_76 8 4 6515785
demand_77 8 5 3023527
demand_78 8 6 2600854
demand_79 8 7 3646981
demand_80 8 9 3910602
demand_81 9 0 7831166
demand_82 9 1 4293641
demand_83 9 2 7163973
demand_84 9 3 6369057
demand_85 9 4 9545875
demand_86 9 5 3636382
demand_87 9 6 2988493
demand_88 9 7 4951751
demand_89 9 8 3910602
