DEMANDS 45
label src dest bw
demand_0 0 1 10300037
demand_1 0 2 11858990
demand_2 0 3 16329545
demand_3 0 4 18107657
demand_4 0 5 6988074
demand_5 0 6 5553610
demand_6 0 7 11345441
demand_7 0 8 7536016
demand_8 0 9 11231052
demand_9 1 0 10300037
demand_10 1 2 6052587
demand_11 1 3 8076038
demand_12 1 4 11382487
demand_13 1 5 4695324
demand_14 1 6 3858395
demand_15 1 7 5051591
demand_16 1 8 4071330
demand_17 1 9 6381334
demand_18 2 0 11858990
demand_19 2 1 6052587
demand_20 2 3 11539807
demand_21 2 4 15302798
demand_22 2 5 7721123
demand_23 2 6 4266907
demand_24 2 7 8930789
demand_25 2 8 7627814
demand_26 2 9 8488915
demand_27 3 0 16329545
demand_28 3 1 8076038
demand_29 3 2 11539807
demand_30 3 4 11402253
demand_31 3 5 6814676
demand_32 3 6 5538493
demand_33 3 7 9028926
demand_34 3 8 4706351
demand_35 3 9 8724013
demand_36 4 0 18107657
demand_37 4 1 11382487
demand_38 4 2 15302798
demand_39 4 3 11402253
demand_40 4 5 9713397
demand_41 4 6 6184432
demand_42 4 7 8990584
demand_43 4 8 8573291
demand_44 4 9 12213323
demand_45 5 0 6988074
demand_46 5 1 4695324
demand_47 5 2 7721123
demand_48 5 3 6814676
demand_49 5 4 9713397
demand_50 5 6 3531007
demand_51 5 7 6102615
demand_52 5 8 4695474
demand_53 5 9 4199632
demand_54 6 0 5553610
demand_55 6 1 3858395
demand_56 6 2 4266907
demand_57 6 3 5538493
demand_58 6 4 6184432
demand_59 6 5 3531007
demand_60 6 7 3397052
demand_61 6 8 3181585
demand_62 6 9 3697908
demand_63 7 0 11345441
demand_64 7 1 5051591
demand_65 7 2 8930789
demand_66 7 3 9028926
demand_67 7 4 8990584
demand_68 7 5 6102615
demand_69 7 6 3397052
demand_70 7 8 5381237
demand_71 7 9 4745500
demand_72 8 0 7536016
demand_73 8 1 4071330
demand_74 8 2 7627814
demand_75 8 3 4706351
demand_76 8 4 8573291
demand_77 8 5 4695474
demand_78 8 6 3181585
demand_79 8 7 5381237
demand_80 8 9 4567314
demand_81 9 0 11231052
demand_82 9 1 6381334
demand_83 9 2 8488915
demand_84 9 3 8724013
demand_85 9 4 12213323
demand_86 9 5 4199632
demand_87 9 6 3697908
demand_88 9 7 4745500
demand_89 9 8 4567314
