DEMANDS 45
label src dest bw
demand_0 0 1 13800899
demand_1 0 2 17207898
demand_2 0 3 13523994
demand_3 0 4 23330045
demand_4 0 5 8839973
demand_5 0 6 5991807
demand_6 0 7 8806804
demand_7 0 8 11520188
demand_8 0 9 10786170
demand_9 1 0 13800899
demand_10 1 2 8987553
demand_11 1 3 6826088
demand_12 1 4 13186153
demand_13 1 5 7473093
demand_14 1 6 4835427
demand_15 1 7 6777496
demand_16 1 8 5331725
demand_17 1 9 7838058
demand_18 2 0 17207898
demand_19 2 1 8987553
demand_20 2 3 11744522
demand_21 2 4 17114426
demand_22 2 5 10070961
demand_23 2 6 5478973
demand_24 2 7 8074910
demand_25 2 8 6234768
demand_26 2 9 11114316
demand_27 3 0 13523994
demand_28 3 1 6826088
demand_29 3 2 11744522
demand_30 3 4 17045813
demand_31 3 5 9104134
demand_32 3 6 6570250
demand_33 3 7 9848850
demand_34 3 8 5259860
demand_35 3 9 8488625
demand_36 4 0 23330045
demand_37 4 1 13186153
demand_38 4 2 17114426
demand_39 4 3 17045813
demand_40 4 5 12896160
demand_41 4 6 8894391
demand_42 4 7 11191595
demand_43 4 8 11735788
demand_44 4 9 13956006
demand_45 5 0 8839973
demand_46 5 1 7473093
demand_47 5 2 10070961
demand_48 5 3 9104134
demand_49 5 4 12896160
demand_50 5 6 4518490
demand_51 5 7 6596173
demand_52 5 8 6001707
demand_53 5 9 6641611
demand_54 6 0 5991807
demand_55 6 1 4835427
demand_56 6 2 5478973
demand_57 6 3 6570250
demand_58 6 4 8894391
demand_59 6 5 4518490
demand_60 6 7 5698569
demand_61 6 8 4240932
demand_62 6 9 4994264
demand_63 7 0 8806804
demand_64 7 1 6777496
demand_65 7 2 8074910
demand_66 7 3 9848850
demand_67 7 4 11191595
demand_68 7 5 6596173
demand_69 7 6 5698569
demand_70 7 8 6516361
demand_71 7 9 6912840
demand_72 8 0 11520188
demand_73 8 1 5331725
demand_74 8 2 6234768
demand_75 8 3 5259860
demand_76 8 4 11735788
demand_77 8 5 6001707
demand_78 8 6 4240932
demand_79 8 7 6516361
demand_80 8 9 5682883
demand_81 9 0 10786170
demand_82 9 1 7838058
demand_83 9 2 11114316
demand_84 9 3 8488625
demand_85 9 4 13956006
demand_86 9 5 6641611
demand_87 9 6 4994264
demand_88 9 7 6912840
demand_89 9 8 5682883
