DEMANDS 45
label src dest bw
demand_0 0 1 11026577
demand_1 0 2 17779719
demand_2 0 3 19810503
demand_3 0 4 28368290
demand_4 0 5 14939159
demand_5 0 6 8087832
demand_6 0 7 16120034
demand_7 0 8 9345583
demand_8 0 9 13952061
demand_9 1 0 11026577
demand_10 1 2 8636254
demand_11 1 3 8918503
demand_12 1 4 18157799
demand_13 1 5 5900156
demand_14 1 6 5471351
demand_15 1 7 6234479
demand_16 1 8 6109814
demand_17 1 9 7188724
demand_18 2 0 17779719
demand_19 2 1 8636254
demand_20 2 3 11003759
demand_21 2 4 24101434
demand_22 2 5 9827668
demand_23 2 6 7460945
demand_24 2 7 11991552
demand_25 2 8 7157507
demand_26 2 9 8187555
demand_27 3 0 19810503
demand_28 3 1 8918503
demand_29 3 2 11003759
demand_30 3 4 19608351
demand_31 3 5 9362857
demand_32 3 6 6818472
demand_33 3 7 10577161
demand_34 3 8 6348611
demand_35 3 9 12384561
demand_36 4 0 28368290
demand_37 4 1 18157799
demand_38 4 2 24101434
demand_39 4 3 19608351
demand_40 4 5 17412939
demand_41 4 6 10022011
demand_42 4 7 14547462
demand_43 4 8 13405427
demand_44 4 9 12360395
demand_45 5 0 14939159
demand_46 5 1 5900156
demand_47 5 2 9827668
demand_48 5 3 9362857
demand_49 5 4 17412939
demand_50 5 6 5566548
demand_51 5 7 7307866
demand_52 5 8 6916907
demand_53 5 9 8553457
demand_54 6 0 8087832
demand_55 6 1 5471351
demand_56 6 2 7460945
demand_57 6 3 6818472
demand_58 6 4 10022011
demand_59 6 5 5566548
demand_60 6 7 6359600
demand_61 6 8 4930037
demand_62 6 9 6221193
demand_63 7 0 16120034
demand_64 7 1 6234479
demand_65 7 2 11991552
demand_66 7 3 10577161
demand_67 7 4 14547462
demand_68 7 5 7307866
demand_69 7 6 6359600
demand_70 7 8 6003538
demand_71 7 9 9425818
demand_72 8 0 9345583
demand_73 8 1 6109814
demand_74 8 2 7157507
demand_75 8 3 6348611
demand_76 8 4 13405427
demand_77 8 5 6916907
demand_78 8 6 4930037
demand_79 8 7 6003538
demand_80 8 9 7385897
demand_81 9 0 13952061
demand_82 9 1 7188724
demand_83 9 2 8187555
demand_84 9 3 12384561
demand_85 9 4 12360395
demand_86 9 5 8553457
demand_87 9 6 6221193
demand_88 9 7 9425818
demand_89 9 8 7385897
