DEMANDS 45
label src dest bw
demand_0 0 1 11548145
demand_1 0 2 16675621
demand_2 0 3 20225380
demand_3 0 4 27474982
demand_4 0 5 13420163
demand_5 0 6 11060995
demand_6 0 7 18914090
demand_7 0 8 13175820
demand_8 0 9 14001878
demand_9 1 0 11548145
demand_10 1 2 14302968
demand_11 1 3 11138537
demand_12 1 4 15416499
demand_13 1 5 8762019
demand_14 1 6 6307491
demand_15 1 7 7396525
demand_16 1 8 9191583
demand_17 1 9 9333190
demand_18 2 0 16675621
demand_19 2 1 14302968
demand_20 2 3 16316145
demand_21 2 4 17243811
demand_22 2 5 14035669
demand_23 2 6 9545458
demand_24 2 7 12159924
demand_25 2 8 9451179
demand_26 2 9 15773965
demand_27 3 0 20225380
demand_28 3 1 11138537
demand_29 3 2 16316145
demand_30 3 4 18839259
demand_31 3 5 15054078
demand_32 3 6 9446298
demand_33 3 7 10480090
demand_34 3 8 10809509
demand_35 3 9 11463200
demand_36 4 0 27474982
demand_37 4 1 15416499
demand_38 4 2 17243811
demand_39 4 3 18839259
demand_40 4 5 15536233
demand_41 4 6 10978677
demand_42 4 7 17851886
demand_43 4 8 10904485
demand_44 4 9 15103696
demand_45 5 0 13420163
demand_46 5 1 8762019
demand_47 5 2 14035669
demand_48 5 3 15054078
demand_49 5 4 15536233
demand_50 5 6 7356318
demand_51 5 7 12441392
demand_52 5 8 8909387
demand_53 5 9 11849835
demand_54 6 0 11060995
demand_55 6 1 6307491
demand_56 6 2 9545458
demand_57 6 3 9446298
demand_58 6 4 10978677
demand_59 6 5 7356318
demand_60 6 7 6474020
demand_61 6 8 5319983
demand_62 6 9 6013737
demand_63 7 0 18914090
demand_64 7 1 7396525
demand_65 7 2 12159924
demand_66 7 3 10480090
demand_67 7 4 17851886
demand_68 7 5 12441392
demand_69 7 6 6474020
demand_70 7 8 8438270
demand_71 7 9 11053268
demand_72 8 0 13175820
demand_73 8 1 9191583
demand_74 8 2 9451179
demand_75 8 3 10809509
demand_76 8 4 10904485
demand_77 8 5 8909387
demand_78 8 6 5319983
demand_79 8 7 8438270
demand_80 8 9 9705522
demand_81 9 0 14001878
demand_82 9 1 9333190
demand_83 9 2 15773965
demand_84 9 3 11463200
demand_85 9 4 15103696
demand_86 9 5 11849835
demand_87 9 6 6013737
demand_88 9 7 11053268
demand_89 9 8 9705522
