DEMANDS 45
label src dest bw
demand_0 0 1 14834118
demand_1 0 2 20748864
demand_2 0 3 22646463
demand_3 0 4 26128614
demand_4 0 5 20247911
demand_5 0 6 11574699
demand_6 0 7 15343558
demand_7 0 8 13407860
demand_8 0 9 15694870
demand_9 1 0 14834118
demand_10 1 2 14499289
demand_11 1 3 10659025
demand_12 1 4 18287553
demand_13 1 5 9123609
demand_14 1 6 7206585
demand_15 1 7 12407866
demand_16 1 8 9842930
demand_17 1 9 10364382
demand_18 2 0 20748864
demand_19 2 1 14499289
demand_20 2 3 18571658
demand_21 2 4 25396272
demand_22 2 5 14668156
demand_23 2 6 11591708
demand_24 2 7 16288163
demand_25 2 8 12804878
demand_26 2 9 14501668
demand_27 3 0 22646463
demand_28 3 1 10659025
demand_29 3 2 18571658
demand_30 3 4 28236707
demand_31 3 5 10635313
demand_32 3 6 9970983
demand_33 3 7 14232264
demand_34 3 8 9658323
demand_35 3 9 15057829
demand_36 4 0 26128614
demand_37 4 1 18287553
demand_38 4 2 25396272
demand_39 4 3 28236707
demand_40 4 5 20155869
demand_41 4 6 15427414
demand_42 4 7 19126969
demand_43 4 8 16959827
demand_44 4 9 17486151
demand_45 5 0 20247911
demand_46 5 1 9123609
demand_47 5 2 14668156
demand_48 5 3 10635313
demand_49 5 4 20155869
demand_50 5 6 6724630
demand_51 5 7 10521295
demand_52 5 8 8618562
demand_53 5 9 11202139
demand_54 6 0 11574699
demand_55 6 1 7206585
demand_56 6 2 11591708
demand_57 6 3 9970983
demand_58 6 4 15427414
demand_59 6 5 6724630
demand_60 6 7 8709644
demand_61 6 8 6213632
demand_62 6 9 5656457
demand_63 7 0 15343558
demand_64 7 1 12407866
demand_65 7 2 16288163
demand_66 7 3 14232264
demand_67 7 4 19126969
demand_68 7 5 10521295
demand_69 7 6 8709644
demand_70 7 8 8905933
demand_71 7 9 8625507
demand_72 8 0 13407860
demand_73 8 1 9842930
demand_74 8 2 12804878
demand_75 8 3 9658323
demand_76 8 4 16959827
demand_77 8 5 8618562
demand_78 8 6 6213632
demand_79 8 7 8905933
demand_80 8 9 7539854
demand_81 9 0 15694870
demand_82 9 1 10364382
demand_83 9 2 14501668
demand_84 9 3 15057829
demand_85 9 4 17486151
demand_86 9 5 11202139
demand_87 9 6 5656457
demand_88 9 7 8625507
demand_89 9 8 7539854
